=== Data Quality Report ===
Total Rows: 6508960

=== Missing Values ===
battery_1                0
battery_2                0
distance                 0
cycle                    0
Veh_speed                0
Loaded                   0
loaded             6232960
Route                    0
Time                     0
Execution_cycle          0
SOC_battery_1            0
SOC_battery_2            0
V_battery_1              0
V_battery_2              0
I_battery_1              0
I_battery_2              0
SoMPA_battery_1          0
SoMPA_battery_2          0
Power_battery_1          0
Power_battery_2          0
vehicle_speed            0
Time_Seconds             0

=== Sample Descriptive Statistics ===
           battery_1      battery_2      distance         cycle     Veh_speed        Loaded  loaded  Execution_cycle  SOC_battery_1  SOC_battery_2   V_battery_1   V_battery_2   I_battery_1   I_battery_2  SoMPA_battery_1  SoMPA_battery_2  Power_battery_1  Power_battery_2  vehicle_speed  Time_Seconds
count   65090.000000   65090.000000  65090.000000  65090.000000  65090.000000  65090.000000  2836.0     65090.000000   65090.000000   65090.000000  65090.000000  65090.000000  65090.000000  65090.000000     65090.000000     65090.000000     65090.000000     65090.000000   65090.000000  65090.000000
mean    31900.642006   29432.158018      0.152892     50.350714      2.000084      0.508305     1.0       232.516792       0.600005       0.627158    614.430276    615.316655     51.622643     49.033445    273490.095554    273742.170774     31900.642006     29432.158018       2.000084  40017.201028
std     28374.513503   22651.631703      0.101008     28.839361      0.963442      0.499607     0.0       132.650998       0.230331       0.215440     11.476490     10.500463     49.280371     35.905257      4394.604544      4481.060432     28374.513503     22651.631703       0.963442  23063.511462
min    -78380.522045  -57762.790716      0.000000      1.000000      0.000000      0.000000     1.0         0.000000       0.193116       0.212457    563.071679    586.424084   -177.623713   -108.764752    269759.352244    270109.249297    -78380.522045    -57762.790716       0.000000      0.000000
25%     13214.892951   13306.696106      0.070420     25.000000      1.431425      0.000000     1.0       114.000000       0.399711       0.440499    607.471595    608.510084     21.342585     21.474554    270582.588122    270606.863768     13214.892951     13306.696106       1.431425  20096.700000
50%     27400.026302   25888.628351      0.142200     50.000000      2.023802      1.000000     1.0       229.000000       0.600280       0.627972    612.794313    613.497406     44.515662     41.986846    271041.010627    271304.701652     27400.026302     25888.628351       2.023802  39906.950000
75%     46121.815357   44325.278444      0.224543     75.000000      2.849328      1.000000     1.0       344.000000       0.799711       0.813788    619.872380    619.982038     75.622553     72.491214    275014.007291    275535.626713     46121.815357     44325.278444       2.849328  60060.200000
max    199900.435400  122122.547461      0.422996    100.000000      3.622474      1.000000     1.0       459.000000       1.000000       1.000000    668.971514    663.996380    354.449508    207.718155    287819.795229    287819.795229    199900.435400    122122.547461       3.622474  79919.950000
